6.733262646384774452e-01
2.433837065666766275e-01
-1.281876698212836008e-01
8.042771785021674003e-01
1.079018645882276473e-01
2.530472322520495032e-01
6.605277054229041767e-01
6.747425403601304827e-01
3.316048159382222749e-01
8.169465856997120135e-01
3.402234065577219857e-01
6.955240555295894023e-01
5.991765340458325984e-01
8.506152001699118781e-01
8.395279235843935428e-01
4.846222441802826020e-01
2.259975487639578895e-01
-3.089041984654328221e-02
4.107196346579491952e-01
6.629927261487993384e-01
1.284351370467909925e+00
3.036016322617816621e-01
4.255252970122094802e-01
1.044086809712390984e+00
6.923972756171641318e-01
4.464301930111622130e-01
1.508486014054306601e-01
-2.699076285652690643e-02
8.426513131987114491e-01
8.835269399965409720e-01
2.791986709669208588e-01
6.834733177149213690e-01
6.092994414141816861e-01
7.290561563949917723e-01
6.274518013806468231e-01
7.112556867340242839e-01
2.560167826455213569e-01
7.811587419502615814e-01
3.260597687398270050e-01
7.279231445324594318e-01
2.886308104214282966e-01
8.484440296695907602e-01
4.861385450587380475e-01
2.265137403310478192e-01
2.325663219078381028e-01
4.061786248815533740e-01
6.617306322023674969e-01
1.104408098642218228e+00
1.966346371479170130e-01
7.537259975100429887e-01
3.916471174455131155e-01
9.733204873557687042e-01
2.641806126795596676e-01
-1.177563407758305258e-01
3.945410351231912749e-01
3.634224972344025084e-01
8.797464340658150972e-02
3.000165115922877046e-01
3.034637434922321519e-01
7.886716909311393131e-01
7.320772514175614143e-01
5.558385902711452387e-01
1.929577167472659172e-01
4.096924805922387280e-01
2.487364247937002837e-01
5.166976374429868013e-01
-8.946384342874191820e-02
3.979439308413704746e-01
7.114654517793895794e-01
6.087392864594886044e-01
2.586438624736450143e-01
5.438101500407258593e-01
5.271168037097536674e-01
5.389600718496184717e-01
5.455568673533814916e-01
4.362167227976355699e-01
5.264933287611371915e-01
3.751488270552883475e-01
5.364423898837029636e-01
9.706164187180177372e-01
1.103915415559286073e+00
4.258575732773071110e-01
2.217782330909469635e-01
1.059830531436468659e-01
6.045845381782348760e-01
2.834601672045355958e-01
7.246271656364725589e-01
7.778986384731169101e-01
4.992908358828394566e-01
4.199130563878749611e-01
2.684318669670457402e-01
-2.400470157367688984e-01
4.191415420617473631e-01
1.212324387739667220e+00
6.631462721049192766e-01
3.778573567589139648e-01
3.818205253480744243e-02
7.435361868670743446e-01
7.327418674119096087e-01
9.464361288389435689e-01
5.261448808953190781e-01
1.752456514949130573e-01
6.931733488939189058e-01
7.554495355710419968e-01
2.135147018846142997e-01
1.683072798703942885e-01
3.173070734807774684e-01
5.387515116728421871e-01
8.301004305056095545e-01
1.168374224903401259e-02
3.404469890983605196e-01
1.162105936295669384e+00
5.361004116783120166e-01
1.234857641759614655e-01
6.645059782754811906e-01
3.885919490937262966e-01
5.904965006565675578e-01
4.300298218232421199e-01
1.071440494976099611e+00
9.428864996525689879e-01
9.673109924192572207e-01
4.871887354487448030e-01
3.489533102488010519e-01
1.022326551297756403e+00
8.293399307202447002e-01
3.560139335390551385e-01
8.073334239622697028e-01
8.673937445559164461e-01
8.525893453968973468e-01
5.327133898539496704e-01
9.564007848681870261e-01
4.814542070566306675e-01
7.681479401649718985e-01
5.614957030530689508e-01
7.775670355043760029e-01
5.514011992896952208e-01
7.402598632223217345e-01
3.236352823472092854e-01
6.073140942154686694e-01
9.199610144023300240e-01
2.280943651250856852e-01
1.054054081724359770e+00
8.899083440995958494e-01
4.313413062931218400e-01
-3.831392218064536559e-01
1.129461437131661361e-01
6.568849727048051701e-01
4.575525369323830693e-01
5.579813745005908210e-01
2.932919409686577938e-01
6.956235643582755479e-01
4.059532730422870106e-01
7.112790974183942350e-01
3.215548585378525948e-01
7.525268365324058184e-01
4.816092159491989211e-01
8.680060798070995398e-01
6.862719277947741947e-01
6.268153149937483182e-01
6.367909245908468518e-01
7.741864580421675690e-01
4.030643961579223888e-01
7.683306035602025519e-01
7.173348088316053861e-01
6.838561655014661067e-01
5.960883929530449432e-01
2.101208363003249646e-01
5.690429071051082976e-01
9.242491104473891106e-01
7.091846013748169808e-01
6.569740433556240378e-01
5.287399201511238100e-01
2.685154196527146375e-01
6.512250375307777617e-01
1.417486356805754411e-01
2.023627097824097776e-01
5.155278514900422104e-01
2.498153776014754857e-01
7.683676000563582908e-02
8.616045576815203333e-01
1.054018452787598648e+00
7.713115357301667530e-01
-2.484305627512176651e-01
5.449463243800902745e-01
5.116961759717385538e-01
6.502375533060104074e-01
9.715790865820239652e-02
6.639576212312677805e-01
2.156230821290346933e-01
1.506998976516860100e-01
4.383143518668193295e-01
8.567739026716374440e-01
2.556057863197384039e-01
9.394649678939770432e-01
6.601951649655126708e-01
7.708913900820956178e-01
4.520858111342195285e-01
4.625953495533888238e-01
2.792581471782210611e-01
5.041891108940007582e-01
8.100346064374754906e-01
3.890725628864470931e-01
7.930828159217562234e-01
8.537819079087732854e-01
1.435288756658150700e-01
7.095595118989370675e-01
4.610318050091178343e-01
4.710507035073046023e-01
8.885048363642114033e-01
5.427615942052808062e-01
5.738651911283302320e-01
6.260154279505312225e-01
5.206174609741299752e-01
2.158382835184175508e-01
2.041042783424444340e-01
4.710831839199972615e-01
9.690038662191008401e-01
9.313383657791581838e-01
8.409321027761821332e-01
5.955746940452748550e-01
7.091607955324139567e-01
4.071137442263608741e-01
1.042043082723392189e+00
7.794574662206681381e-01
-3.593106697553155593e-01
7.019390971641216170e-01
2.641640039905462922e-01
5.695587969783240112e-01
8.517779083836385379e-01
2.446412879946896490e-01
4.221195476088167586e-01
5.280744249057923723e-01
5.976364749592750769e-01
1.161217937230522024e+00
5.729382972605601143e-01
1.268661076762720663e+00
2.862564347105853724e-01
7.491529497736006959e-01
-1.213959875609491590e-01
4.799343099154831926e-01
2.146090249198963074e-01
8.553204943623561318e-01
1.361962937751615699e-01
4.442502572437795338e-02
2.363410157784608390e-01
1.783889449108811420e-01
-8.558728826844930193e-02
5.327606431328221204e-01
7.872579396601524504e-01
-2.950681631516799408e-01
7.704887064685728149e-01
7.615368353284720504e-01
1.202960428218145861e+00
3.967790625861561393e-01
3.428469221614656171e-01
4.959480844260959476e-01
6.201389732816179334e-01
6.300739429369854872e-01
2.188744964985326336e-01
3.910745179791235149e-01
9.027459844655740806e-01
-1.282459012517584984e-01
2.529189551530146574e-01
1.013239488240200048e+00
4.568781825182341993e-01
8.590391717111152126e-01
3.581947261345254097e-01
4.254881753725407445e-01
2.293718020766832288e-01
8.034422000412967391e-01
1.872694123806453170e-01
5.651736518020125111e-01
4.918020190290116056e-01
5.893663951707099891e-01
5.941182529434598791e-01
4.213224305448585727e-01
4.250372313497491339e-01
3.921348794942922100e-01
-5.607660710846618102e-02
6.403824368443811199e-01
6.205904994935949048e-01
6.844586351325565587e-04
6.547536383822000206e-01
2.183931663543985380e-01
8.855696057447897118e-01
6.792266410209045757e-01
4.520687673821742192e-01
4.911569124329306368e-01
1.012919744620604523e-01
3.797409711828995116e-01
5.380881092848328606e-01
6.689100665067331253e-01
8.171322434955261560e-01
7.496815542954764489e-01
2.058557522299825915e-01
4.582215578039454673e-01
8.908310670194049541e-01
1.141891181740340988e+00
8.637213260044129814e-02
1.518163153625914918e-01
3.683293950283748064e-01
8.878271310845305964e-01
3.121427215807937028e-01
3.507869572610974318e-01
7.639714234270624793e-01
6.725818865110013700e-01
8.677262782984984657e-01
8.475125022499525596e-01
7.364532779335596357e-01
7.312759711891031467e-01
5.865034863741624971e-02
3.543268326933917134e-01
3.694628338885197483e-01
1.021579068415718217e+00
4.963833389384056383e-01
6.771181148162707109e-01
6.644957693110788988e-01
3.319515111191689849e-01
8.072732341031669812e-01
6.099340173576542901e-01
6.625920325146488210e-01
6.596628423721649925e-01
6.143601600322672329e-01
9.557831709790181041e-01
5.888177586184695222e-01
6.327499516258675571e-01
3.982659184946380493e-01
1.074697069398088622e+00
4.797799923793862331e-01
7.909175392786249592e-01
1.844437547026780422e-01
6.128261865543461751e-01
6.530743577680595546e-01
9.338546707912773748e-01
1.269217002436501263e-02
5.341811430941351135e-02
2.852426656229775648e-01
1.346223440506067459e-01
2.760063100313194240e-01
1.664793218690248100e-01
2.302727860124695880e-01
7.984827847207875973e-02
4.027657081392997940e-01
2.629797664137943913e-01
5.716727044414311454e-01
2.832669628989172295e-01
1.008868661248760734e-01
4.932941454358393818e-01
3.055558556733681819e-01
3.805717841385845013e-01
4.743113446483024909e-01
-6.082883201916267080e-02
6.873314858440292552e-01
2.434690431228928587e-01
3.501854243344126871e-02
4.380288797420049951e-01
4.592709929414168224e-01
5.682514463892398560e-01
6.347587107169806453e-01
1.344899852942634255e-01
5.428236128852795828e-01
3.031490695261110924e-01
3.013690800156137994e-01
1.310196550020482409e+00
7.706287653303398599e-01
8.704117654750627153e-01
2.748905055729202740e-01
3.109728883490288642e-01
5.745147038057363265e-01
2.550689280262886660e-01
6.211378322733807078e-01
4.252745884091039819e-01
3.077963444915172708e-01
7.773550009617167245e-01
-1.915143904918826800e-01
5.357309289445013611e-01
3.461949811717703884e-01
3.284560689156061364e-01
8.212462998592355845e-01
8.222934689565630784e-01
6.029587181282071162e-01
7.116995171562398026e-01
2.359426658709584679e-03
4.873597342858530523e-01
3.190454583622849838e-01
1.037734454268178563e+00
7.350486913038052350e-01
2.922592764156758394e-01
5.126694371308131437e-01
4.260704224028972198e-01
8.932362885411759823e-02
6.516404832203472886e-01
1.384645678924616985e-01
8.364953375645950429e-02
4.106703870801566292e-01
1.135829963315498681e+00
5.773308510821592021e-01
3.639588140519961490e-01
7.458770397186605949e-01
2.892214756865210123e-01
6.777609398830627407e-01
-4.054241327157981356e-02
5.898526417310887560e-01
3.360453480729916342e-01
5.531205421573807124e-01
3.459699870525583254e-01
6.361547488854570886e-01
6.512117047228964672e-01
3.528021246505222974e-01
7.930023003664692371e-01
5.247087977120851177e-01
6.170953176127441653e-01
7.321345696783694290e-01
2.737067428115202983e-01
-3.024984804072405886e-02
1.938133488949703720e-01
4.730767767103097876e-01
6.248972142243297556e-01
3.722067561769786259e-01
7.224238177126310889e-01
2.275289676680150031e-01
3.127343245959909313e-01
9.968358889518592614e-01
4.105975479761243552e-01
3.364336669527017154e-01
4.535731213731371003e-01
6.215806136071234667e-01
3.252353424904727008e-01
1.749207362991253012e-01
5.589231350570701418e-01
5.278087412357553854e-01
3.838118678238979786e-01
3.415746124090530689e-01
7.276256842179753548e-01
6.035750486423174799e-01
7.615186294388345267e-01
-4.005470061030823592e-01
6.225949990939623202e-01
1.169921363355638455e+00
3.735253613932232875e-01
9.360146096783278358e-01
8.978735704979499133e-01
7.655166434823991173e-01
1.255191318446233217e-01
3.683294374590173614e-02
7.202436470533879476e-01
4.870191610709078689e-01
1.380416426434425969e-01
8.071522886620852155e-01
-8.739371680560936717e-02
4.711746273889017012e-02
2.102645312693073310e-01
1.048851987786747486e-02
8.984940432452264147e-01
4.361087494651260110e-01
3.026634817179665315e-01
1.379363412103514985e+00
1.403875317280018464e+00
5.664978588468764231e-01
7.716244237132736661e-01
1.806125470062219796e-02
7.673258389111173861e-01
5.003214663674839802e-01
6.785137340744726853e-01
5.709325996044108953e-01
1.279025553110842983e-01
2.705980390697608207e-01
4.756777856448810016e-01
2.722525008398870017e-01
9.844773225987724086e-01
6.323728389603360256e-01
3.131782663685134249e-02
7.797159874191704754e-01
3.376569913186155403e-01
9.027658656258181757e-01
-1.425986448328153688e-02
3.741049486028988902e-01
2.615903733356347849e-01
3.235591420368261195e-01
6.986339357680242390e-01
2.257513425094269111e-01
6.397202871323472984e-01
5.290402082489786828e-01
1.574268126685623437e-01
1.370963150039525846e-01
7.417895171287466338e-01
7.764845264380446643e-01
1.771150278192549776e-01
6.457866358729629219e-01
6.979603779901395466e-01
5.886919822476641695e-01
5.236764952281638408e-01
4.794487296563339496e-01
6.532990666096243348e-01
2.136972191623721096e-01
7.275823376062962033e-01
6.128900132832026948e-01
7.924487847253776085e-01
7.320813831491622681e-01
5.911532480223055108e-01
6.999475744258590870e-01
8.123581829104296048e-01
6.176307659238046144e-01
2.443435292761577116e-01
7.506901351276660250e-01
5.362335160289516400e-01
7.631694863924933792e-01
7.368530564142972139e-01
3.625791316528296782e-01
1.997703349310554488e-01
1.102142784754642335e+00
5.670064404716020912e-01
3.421447919389758452e-01
6.773668988843672967e-01
2.010502154776979689e-01
7.376145677584913241e-01
8.080829578212853637e-01
6.865379822167414492e-01
3.823235814766163254e-01
2.886503087370065890e-01
8.229041056284824851e-01
6.374476868032586951e-01
5.961054376133726462e-01
5.097366907648673839e-01
7.541072106059594216e-01
3.570007557397111841e-01
2.987293447553029946e-02
9.753575818001929409e-01
7.608514760965161550e-01
5.630849650649893956e-01
1.452857333372173376e-01
2.417726568065305948e-01
5.438852878421653880e-01
5.717852532352941664e-01
3.626624569997878300e-01
3.417969518554875297e-02
9.605603698246260036e-01
4.720259084176656184e-01
3.651320163704599997e-01
4.340125623862650106e-01
6.901843659277924203e-01
8.804774790767115888e-01
3.413066311257561547e-01
3.843202670500400764e-02
3.200213272539167431e-01
7.126137440503137466e-01
4.204297131429945988e-01
7.305313754468945042e-01
9.838459873513063503e-01
2.053181502604431441e-01
4.381319961156419085e-01
8.443917098862827597e-01
6.763003017572134512e-01
4.958941278401595154e-01
2.111239401135652782e-01
6.995526107656051540e-01
1.821407381846780194e-01
5.597447259229825223e-01
5.638423611855739592e-01
4.088298648845793970e-01
2.067666954859782025e-01
1.946524722579050515e-01
6.758147151708377987e-01
4.697939239080884954e-01
-3.653270224971083557e-03
5.717392241670473663e-01
3.872185332174027383e-01
5.375963143783979437e-01
9.406363969690247906e-01
2.485925607523506997e-01
1.009919327135619049e+00
9.133916297397481898e-01
2.820692932539501374e-01
-1.199157140342175243e-01
1.298670096034131305e-01
3.040207674090336654e-01
3.114098540397964854e-01
3.267619652293271004e-01
6.185125692934643205e-01
2.677788482423412164e-01
1.338962464972038302e-01
3.253236400981778798e-01
4.046494539848870531e-01
3.586049988770015906e-01
6.793897758821914046e-01
7.412196274288956888e-01
2.034154292872893399e-01
-5.286091318238428372e-02
7.788757499624132663e-01
5.886443112400462363e-01
2.732129620003879156e-01
1.012793777549330976e+00
1.794792763071955122e-01
8.054832739945003706e-01
3.221773772177759509e-01
3.275010603838195422e-01
4.191552751307461300e-01
3.907594092195636470e-01
6.313881873656337351e-01
6.012710820793775168e-01
5.828640730758684052e-01
6.421691703145936403e-01
1.351374576330361954e+00
1.049898787417659074e+00
8.661706140076026461e-01
3.705508981565880378e-01
9.697067302654855947e-01
4.485509288510400872e-01
-2.084840211363825357e-02
8.384272978199436288e-01
1.065118163375032845e+00
7.832742650314791222e-01
7.640408109980458828e-01
5.852248903515234746e-01
5.779350508006407816e-01
9.592420450328840165e-01
3.931220737932579201e-01
5.408883733629000767e-01
2.856004986932714207e-01
4.414249251735825608e-01
-3.297790073744506500e-01
3.237516384334242492e-01
6.506105668394306374e-01
7.057811740846089421e-01
1.125913831931311559e+00
7.481430239958273276e-01
4.687267723062009117e-01
8.975651173299664665e-01
1.488900767951827908e-01
3.246014679682797666e-01
1.148372796161818865e+00
1.036423972012584294e+00
3.337481164116031795e-01
6.727082589234929522e-01
3.728828037511097149e-01
3.343743436263567625e-01
7.800043760816643967e-01
7.624267962634834195e-01
5.550117322342094095e-01
5.299358648664497240e-01
7.149526598010171874e-01
7.927035083360476353e-01
-1.592232045305399524e-01
4.297313899740158871e-01
1.285843820059289211e-01
4.275457710259460975e-01
3.602250395417727624e-01
3.783793722153188099e-01
5.943280044529564154e-01
1.041080417588282181e+00
5.767588506438452445e-01
5.105307602315818372e-01
9.138665694579601873e-01
1.673375148767358156e-01
6.247602254614703643e-01
-5.677894062475496995e-02
2.567542935076597144e-01
5.866842580921031169e-01
5.305821430985331322e-01
4.036732458408955893e-01
1.474171874937476590e-01
9.346166395311426012e-01
9.454987129671413859e-01
3.656654299007378039e-01
7.715301513373655773e-01
1.066093141392831178e+00
7.821081774382747653e-01
3.492967262419975905e-01
4.085449489378276677e-01
5.180373141536753767e-01
4.375125358391270813e-01
2.293369156436405043e-01
3.461504449020428309e-01
1.602747652032474601e-01
1.131109460227064378e+00
2.915326348801898781e-01
6.860700909007981796e-01
4.545673332413629475e-01
1.283564031463377164e+00
2.487022682755644643e-01
1.802795013619272191e-01
2.861737010602289910e-01
4.449412810576893751e-01
6.621211692986197495e-01
7.207015587778966559e-01
1.077171098884439182e+00
8.645723024878728680e-01
6.181341508721976963e-01
-1.546405241078870896e-01
5.879079655187018361e-01
5.422859399930768376e-01
1.196113182343230275e+00
2.756751024846447740e-01
7.149132562081471631e-01
5.910237154693732675e-01
3.833635314545672523e-01
5.723804664208049786e-01
5.022712893944448753e-01
3.589156956523399389e-01
9.843321917040992464e-01
2.947288875479314729e-01
5.831932088164539785e-01
5.580051946312973854e-01
7.078725387342148512e-01
5.330685866697983943e-01
7.242408282082064552e-01
1.127913969029067154e+00
6.748557505208104823e-01
4.124615256183726819e-01
1.095094041847351818e+00
2.602788664366867954e-01
2.432890644751904974e-01
6.612918244125186584e-01
6.132102785086837038e-01
5.680266382312207929e-01
5.547982637792241434e-01
4.871329854299168427e-01
4.757507505417797322e-01
5.871420871456461965e-01
7.007938668817179639e-01
6.993457646575484965e-01
6.053301994668700559e-01
4.191103005822011673e-01
1.068965728540602012e+00
3.897767410886905370e-01
1.747509671501810136e-01
2.817203420465799191e-01
3.190538227136494598e-01
5.287839237552718341e-01
3.371628419927166220e-01
4.853928121896133319e-01
1.196363856051100849e-01
7.891729786236407751e-01
1.938790038187260256e-01
8.407006266717713672e-01
5.081433396088631538e-01
1.822836805722770070e-01
8.947887044750987284e-01
7.925308737337021237e-01
6.268474407773608759e-01
9.727015050787096717e-02
5.220137583263493308e-01
8.039840161311571087e-01
8.391968099433197992e-01
1.359600131011834967e-01
3.283985641851839832e-01
3.404978293456150107e-01
6.923339761669083936e-02
5.858322518741923002e-01
8.315195571903217786e-01
6.103761390104286422e-01
3.343037453650257174e-01
1.097974663669858852e+00
4.154141534383814505e-01
4.104013673153616981e-01
8.279760945234413416e-01
-2.915859175922630442e-02
1.003810419233792661e+00
1.393892137488065286e-01
1.428800446569973737e+00
7.048677259905893333e-01
2.612291713195974419e-01
2.397262244509162366e-01
3.376157343893803064e-01
5.196967955830475994e-01
2.842251526660923844e-01
5.188669747554924827e-01
1.775172962244098152e-01
2.077546059247383781e-01
5.799372190078915246e-01
6.211952460209950733e-01
6.316797934383763247e-01
4.323375933187098008e-01
1.166254729353872310e+00
1.001916371451079701e+00
5.326197825314737955e-01
4.155184709532307452e-01
1.252042732383976675e-01
6.939255218696622762e-01
1.081826317099854773e+00
4.431017032839552061e-01
4.630716792027391171e-01
2.654474795235930995e-01
4.578780285602134237e-01
7.509480985141834264e-01
2.004497392886522844e-02
7.962757390553535375e-01
2.129322204874061764e-01
9.489290300117071419e-01
5.023620627522822346e-01
7.189155918044189963e-01
5.444110953120250285e-01
6.944860414397622250e-01
7.201764708333538989e-01
4.117766767960957530e-01
2.834301433654082825e-01
2.158500985894650226e-01
-5.577132977748788800e-02
7.420108919655771240e-02
5.653076571013726515e-01
4.675012491520370572e-01
7.145804705675500301e-01
5.754186313318271351e-01
-5.401443760814417239e-03
5.254763590863169576e-01
8.599733806650939894e-01
9.953699310564969593e-01
3.384748642780551209e-01
6.042947970842316163e-01
8.905182440768084629e-01
5.130492384985643195e-01
3.537060857798405289e-01
3.346451368787224379e-01
6.897238793913197386e-01
5.597299544344424005e-01
3.787523040544718000e-01
1.117692025872338402e+00
4.349497888296315340e-01
4.407009490418591913e-01
-6.500320328378106360e-03
1.422253357578825983e-01
8.358208976067016405e-01
7.853712861494202002e-01
-3.468615831467803945e-01
2.652858005941831632e-01
1.074468819589128987e+00
3.011181618613980593e-01
7.200178181876630834e-01
1.927604259891521066e-01
3.293282676276402254e-01
4.589693501480089366e-01
5.337922311912361995e-01
6.042873418191052615e-01
5.411812207406033748e-01
4.221813417752531272e-01
3.156865224898328659e-01
6.960964507657942946e-01
2.402413815432991040e-01
3.460803027562708856e-01
4.005146912345960430e-01
1.269250507129218719e-01
4.532245620990279500e-01
9.328579244513643953e-01
8.253837728450684752e-01
7.926452830362231694e-01
3.231399152634373273e-01
7.840955861344005573e-01
9.102731536790115152e-02
5.438477674249060367e-01
-1.547303468224514589e-04
6.734017656293868059e-01
2.939230653144759842e-01
3.078131927196118278e-01
4.538837982682046857e-01
2.510326248935220717e-01
6.975181590109147400e-01
7.958723656055948226e-01
1.188607940496307358e-01
1.826114286854544910e-01
6.011195713707538912e-01
4.344477053020281976e-01
4.540270491040107603e-01
5.001040159022841491e-01
8.087276798662024202e-01
8.802689945773181091e-01
3.978877734118732024e-01
5.774839578754612512e-01
3.902420149766124280e-01
4.689819802435971074e-01
4.561900287818597688e-01
7.008301366247180475e-01
5.934085861679398999e-01
6.140641508095875389e-01
9.516407840249707650e-01
6.022168166153097912e-01
1.659178353593567801e-01
-1.094323694814229864e-01
5.594293681878457214e-01
5.346022359525627321e-01
6.576120646953576010e-02
5.065434372424924003e-01
2.885192601028688797e-01
5.006528058863419783e-01
7.568194754036947636e-01
4.049432682430419983e-01
2.883100040843763479e-01
6.841082669511956427e-01
9.678853089879156935e-01
3.904382366207903576e-01
7.672212485245986091e-01
4.272922301390675859e-01
3.948186335653677270e-01
7.744448944873856266e-01
5.174184045846054181e-01
6.201075722786004718e-01
4.932293728605421368e-01
6.305351126622060765e-01
4.682150807461277764e-01
7.894151063974916838e-01
5.018026849361333364e-01
3.461873038532232716e-01
-3.357730223375110512e-02
6.608759340123413484e-01
5.446835782637274859e-01
3.839507484020055483e-01
6.765667773811105956e-01
6.885065157070453523e-01
3.619481972400250269e-01
3.248030884082181435e-01
7.435564383998776172e-01
8.073419144002271786e-01
7.776790820591872322e-01
8.792550640833849407e-01
3.631138265953957056e-01
8.119448281078027740e-01
1.737453641359100742e-01
1.054442088336933647e+00
3.015625999039208693e-01
7.885804817060857452e-01
3.877235312068896267e-01
4.544739277644058162e-01
9.511918020550801378e-01
3.731891142302806164e-01
4.735031325000636504e-01
5.469316412362190682e-01
4.357326116882539457e-01
3.274374964734105831e-02
9.639175699663843355e-02
-1.114629118193142254e-01
8.918117166444705646e-01
5.322871221974654343e-01
4.003353019012267366e-01
4.674682609872472527e-01
1.077172665550192976e+00
2.370114611147184913e-01
6.863356350052323140e-01
8.436266374047008965e-01
7.401348239560967546e-01
6.096029224189998263e-01
4.330057817246169005e-01
7.399168383575736030e-01
-1.316610528584370998e-01
5.401671158809223661e-01
8.108566343645187136e-01
4.279682795289422303e-01
3.698828223475733590e-01
3.462315127579213003e-01
8.013775228524222527e-02
4.510025113057765656e-01
5.790477779653224744e-01
9.117620266261536877e-01
6.823915332492196395e-01
1.356654113762921776e-01
2.593715001434204193e-01
3.466693057503323905e-01
5.446956171500366706e-02
3.705112711325495023e-01
4.734432697627986575e-01
4.535040098350643367e-01
1.092922062747011314e+00
4.733972704153401878e-01
3.372426725989050578e-01
5.338971199651992849e-01
4.380860790658030468e-01
3.738509460510562876e-01
7.072606888245478451e-01
6.094051220703664562e-01
3.995398138734478910e-01
6.831670123735190669e-01
7.701761387422467742e-01
2.880990235370621821e-01
5.173201019516709964e-01
7.711303982184870565e-01
7.886482931420703002e-01
6.697989655079028548e-01
2.254342272599892394e-01
4.956266000124824322e-01
9.392635962965734109e-02
6.835417904962596269e-01
5.394886542440481270e-01
1.375147205598262201e-01
1.776513367104268770e-01
8.034344464984017886e-01
6.755973115385548455e-01
4.512915359277557270e-01
7.141143485948689973e-01
6.412853725495420987e-01
1.380546798528717867e-01
3.625075457428941217e-01
6.906696193526603578e-01
1.111593095662410491e+00
4.852591764623475634e-01
4.393417147754128949e-01
8.477771887411625906e-01
5.984277777844513313e-01
8.114363744816741608e-01
4.646054368096282361e-01
1.340256543131555511e-01
6.685827107888513421e-01
3.182158590739586068e-01
