7.677075171731195802e-01
1.412640854591992734e-01
3.689847935579040339e-01
3.979490190615048162e-01
9.313028561640790404e-01
1.180122077556234883e+00
1.155664481211935435e+00
-1.955984004672229881e-01
1.252031563053498942e-01
7.548517667757432825e-01
7.946787588881272235e-01
3.118545720824735801e-01
7.518230915976187312e-01
7.445030418049431997e-01
8.275422954596316494e-01
8.645045492644536367e-01
1.661494887252232266e-01
6.496510321070998462e-01
7.912751174580576752e-01
7.516013021542423678e-01
6.384152164303830146e-01
2.255234249019725801e-01
7.814140967149352246e-02
1.947898275628525133e-01
4.098047745628330962e-01
3.542765326054025943e-01
1.404068983473190091e-01
5.116001625558510568e-01
6.637953522451874866e-01
6.541418402637764196e-01
7.995615469625521055e-01
5.171993531735803451e-01
6.554155523874072298e-01
7.052628133595933990e-01
9.679432017740776661e-01
5.479017016419591712e-01
2.282428425054210397e-01
-4.643331827835428527e-02
4.374083520642177980e-01
1.210915332637977571e+00
7.688621438995425494e-01
7.791074153177821593e-01
1.111617618877666969e+00
1.923967551641935780e-01
7.444303343210860735e-01
5.490440796211973895e-01
5.819473193712857428e-01
5.593472393470509951e-01
3.803937092056771663e-01
8.083425252788767335e-01
4.066686992633412046e-01
5.541605671777415365e-01
8.174476000850565693e-01
5.576911779868070074e-01
1.198818082483317671e+00
1.594519050056907861e-01
6.731057740839677672e-01
4.220253589043874154e-01
1.005677165594762168e-01
5.980626279592580197e-01
2.368684231977293275e-01
6.650648354315735755e-02
7.474201409360756720e-01
1.522882557721005337e-01
3.402599082059143409e-01
1.057900616404565231e+00
6.575186645526670537e-01
5.203647273149976105e-01
2.877064540716683938e-01
1.629371485417075993e-01
2.871959046287956285e-01
8.630469526492730026e-01
1.013237667327764768e+00
8.768658074693286286e-02
1.858025734922246208e-01
6.411485342854763569e-01
5.180810995228132265e-01
7.554009479014189843e-03
2.257853876383720815e-01
9.947006175661656791e-01
7.088121028675368196e-01
-3.935699216667742917e-02
2.217173206346798597e-01
8.052532433163521741e-01
4.471136966385900191e-01
3.821273918004539638e-01
7.960326470510172836e-01
4.795809709982746805e-01
2.513616590153511243e-01
8.231216971274752936e-01
4.204330244839994402e-01
5.916938702028978758e-01
4.583889733894981333e-01
2.329969128675182799e-01
4.734027693237435885e-01
8.320969759224869922e-01
9.107892385928295642e-01
2.710431655509695781e-01
8.933379053307372031e-02
4.277959334901396682e-01
5.507569620327376070e-01
5.750382550348703825e-01
5.866306653554762551e-01
3.805866060191046563e-01
9.139236651168093362e-01
4.070864755835684745e-01
5.428803962316742782e-01
2.979616255869897978e-01
2.386943101090712727e-01
2.489833488193159972e-01
6.961390846354336137e-01
6.637727246834346229e-01
1.217721343910468157e+00
2.470309304961680330e-01
5.191783034066218550e-01
4.923487685214078535e-01
3.826314689055000939e-01
4.419013535414563765e-01
5.135506475788392811e-02
8.240555197611771909e-01
9.009946623416400513e-01
3.101139644470453094e-01
3.272545184364636928e-01
5.195278875535246366e-01
5.597481020678286567e-01
3.929925127108165883e-01
5.589316499509853209e-01
4.299930038844769764e-01
3.050601171699261482e-01
5.387618227572353868e-01
9.631365223843779688e-01
1.113023188734892921e+00
2.251420236278991460e-01
2.644396571149362773e-01
7.451114860732231948e-01
2.164693317723776489e-01
6.586424074743630896e-01
5.310431546801197555e-01
-8.087081918235206057e-02
4.291423148087957773e-01
5.261512391639537878e-01
3.237129232798232614e-01
3.788181223254987184e-01
1.336527096192973385e+00
3.564878109218132529e-01
3.300697176194578586e-01
9.095200336185806922e-01
6.559425238073990361e-01
2.975501853212069170e-01
6.585229884423930979e-01
5.595769050316882209e-01
7.895473982869454233e-01
1.026221511238459838e+00
1.486699548952831740e-01
3.049001708567724012e-01
1.773395751084692051e-01
4.479254235791560457e-01
3.021493193263891097e-01
6.682661175409019272e-01
5.531513247287451751e-01
8.940005957358070354e-01
3.256270074387531688e-01
3.865773934698638614e-01
7.344876747067796696e-02
6.778621598353429256e-02
4.089311432938670388e-01
4.753456039343383344e-01
3.755903829859008058e-01
1.910230686876150386e-01
5.676785531940763407e-01
2.394350338972095482e-01
3.412167246349895322e-01
4.767980525298929906e-01
1.627852304533503047e-01
5.450804250118846950e-01
5.610332439385317116e-01
3.174246196519040497e-01
3.636149166099093000e-01
9.971450932314889215e-01
6.335128052965424139e-01
8.110042328493410890e-02
7.388959466967552903e-01
2.933175919695723000e-01
4.631242904666987847e-03
3.882067429442812023e-01
2.188905330033625307e-01
8.065882274662785623e-01
8.134670898839363451e-02
5.609831147692152520e-01
6.377018711018704877e-01
6.216194423533731861e-01
4.914421154934459079e-01
1.613030650954433987e-01
6.922154566807375842e-02
6.090968448601791208e-01
-1.948021507742289105e-01
8.196249920877838324e-01
1.279106019944525330e-01
9.898648826891693897e-01
7.217451074034517688e-01
